64 99 73 33 68
-------------
33 64 68 73 99
33 64 68 99 73
33 64 73 68 99
33 64 73 99 68
33 64 99 68 73
33 64 99 73 68
33 68 64 73 99
33 68 64 99 73
33 68 73 64 99
33 68 73 99 64
33 68 99 64 73
33 68 99 73 64
33 73 64 68 99
33 73 64 99 68
33 73 68 64 99
33 73 68 99 64
33 73 99 64 68
33 73 99 68 64
33 99 64 68 73
33 99 64 73 68
33 99 68 64 73
33 99 68 73 64
33 99 73 64 68
33 99 73 68 64
64 33 68 73 99
64 33 68 99 73
64 33 73 68 99
64 33 73 99 68
64 33 99 68 73
64 33 99 73 68
64 68 33 73 99
64 68 33 99 73
64 68 73 33 99
64 68 73 99 33
64 68 99 33 73
64 68 99 73 33
64 73 33 68 99
64 73 33 99 68
64 73 68 33 99
64 73 68 99 33
64 73 99 33 68
64 73 99 68 33
64 99 33 68 73
64 99 33 73 68
64 99 68 33 73
64 99 68 73 33
64 99 73 33 68
64 99 73 68 33
68 33 64 73 99
68 33 64 99 73
68 33 73 64 99
68 33 73 99 64
68 33 99 64 73
68 33 99 73 64
68 64 33 73 99
68 64 33 99 73
68 64 73 33 99
68 64 73 99 33
68 64 99 33 73
68 64 99 73 33
68 73 33 64 99
68 73 33 99 64
68 73 64 33 99
68 73 64 99 33
68 73 99 33 64
68 73 99 64 33
68 99 33 64 73
68 99 33 73 64
68 99 64 33 73
68 99 64 73 33
68 99 73 33 64
68 99 73 64 33
73 33 64 68 99
73 33 64 99 68
73 33 68 64 99
73 33 68 99 64
73 33 99 64 68
73 33 99 68 64
73 64 33 68 99
73 64 33 99 68
73 64 68 33 99
73 64 68 99 33
73 64 99 33 68
73 64 99 68 33
73 68 33 64 99
73 68 33 99 64
73 68 64 33 99
73 68 64 99 33
73 68 99 33 64
73 68 99 64 33
73 99 33 64 68
73 99 33 68 64
73 99 64 33 68
73 99 64 68 33
73 99 68 33 64
73 99 68 64 33
99 33 64 68 73
99 33 64 73 68
99 33 68 64 73
99 33 68 73 64
99 33 73 64 68
99 33 73 68 64
99 64 33 68 73
99 64 33 73 68
99 64 68 33 73
99 64 68 73 33
99 64 73 33 68
99 64 73 68 33
99 68 33 64 73
99 68 33 73 64
99 68 64 33 73
99 68 64 73 33
99 68 73 33 64
99 68 73 64 33
99 73 33 64 68
99 73 33 68 64
99 73 64 33 68
99 73 64 68 33
99 73 68 33 64
99 73 68 64 33
