76 86 67 35 33 32 62 66 89 25 
76 86 67 35 33 32 62 89 66 25 
76 86 67 35 33 32 66 89 62 25 
76 86 67 35 33 32 89 66 62 25 
76 86 67 35 33 62 89 66 32 25 
76 86 67 35 33 66 89 62 32 25 
76 86 67 35 33 89 66 62 32 25 
76 86 67 35 62 89 66 33 32 25 
76 86 67 35 66 89 62 33 32 25 
76 86 67 35 89 66 62 33 32 25 
76 86 67 62 89 66 35 33 32 25 
76 86 67 66 89 62 35 33 32 25 
76 86 67 89 66 62 35 33 32 25 
76 86 89 67 66 62 35 33 32 25 
76 89 86 67 66 62 35 33 32 25 
86 89 76 67 66 62 35 33 32 25 
89 86 76 67 66 62 35 33 32 25 
