85 48 32 10 27
-------------
10 27 32 48 85
10 27 32 85 48
10 27 48 32 85
10 27 48 85 32
10 27 85 32 48
10 27 85 48 32
10 32 27 48 85
10 32 27 85 48
10 32 48 27 85
10 32 48 85 27
10 32 85 27 48
10 32 85 48 27
10 48 27 32 85
10 48 27 85 32
10 48 32 27 85
10 48 32 85 27
10 48 85 27 32
10 48 85 32 27
10 85 27 32 48
10 85 27 48 32
10 85 32 27 48
10 85 32 48 27
10 85 48 27 32
10 85 48 32 27
27 10 32 48 85
27 10 32 85 48
27 10 48 32 85
27 10 48 85 32
27 10 85 32 48
27 10 85 48 32
27 32 10 48 85
27 32 10 85 48
27 32 48 10 85
27 32 48 85 10
27 32 85 10 48
27 32 85 48 10
27 48 10 32 85
27 48 10 85 32
27 48 32 10 85
27 48 32 85 10
27 48 85 10 32
27 48 85 32 10
27 85 10 32 48
27 85 10 48 32
27 85 32 10 48
27 85 32 48 10
27 85 48 10 32
27 85 48 32 10
32 10 27 48 85
32 10 27 85 48
32 10 48 27 85
32 10 48 85 27
32 10 85 27 48
32 10 85 48 27
32 27 10 48 85
32 27 10 85 48
32 27 48 10 85
32 27 48 85 10
32 27 85 10 48
32 27 85 48 10
32 48 10 27 85
32 48 10 85 27
32 48 27 10 85
32 48 27 85 10
32 48 85 10 27
32 48 85 27 10
32 85 10 27 48
32 85 10 48 27
32 85 27 10 48
32 85 27 48 10
32 85 48 10 27
32 85 48 27 10
48 10 27 32 85
48 10 27 85 32
48 10 32 27 85
48 10 32 85 27
48 10 85 27 32
48 10 85 32 27
48 27 10 32 85
48 27 10 85 32
48 27 32 10 85
48 27 32 85 10
48 27 85 10 32
48 27 85 32 10
48 32 10 27 85
48 32 10 85 27
48 32 27 10 85
48 32 27 85 10
48 32 85 10 27
48 32 85 27 10
48 85 10 27 32
48 85 10 32 27
48 85 27 10 32
48 85 27 32 10
48 85 32 10 27
48 85 32 27 10
85 10 27 32 48
85 10 27 48 32
85 10 32 27 48
85 10 32 48 27
85 10 48 27 32
85 10 48 32 27
85 27 10 32 48
85 27 10 48 32
85 27 32 10 48
85 27 32 48 10
85 27 48 10 32
85 27 48 32 10
85 32 10 27 48
85 32 10 48 27
85 32 27 10 48
85 32 27 48 10
85 32 48 10 27
85 32 48 27 10
85 48 10 27 32
85 48 10 32 27
85 48 27 10 32
85 48 27 32 10
85 48 32 10 27
85 48 32 27 10
