43 52 13 66 55 26 28 62 52 17 
43 52 13 66 55 26 52 62 28 17 
43 52 13 66 55 26 62 52 28 17 
43 52 13 66 55 28 62 52 26 17 
43 52 13 66 55 52 62 28 26 17 
43 52 13 66 55 62 52 28 26 17 
43 52 13 66 62 55 52 28 26 17 
43 52 17 66 62 55 52 28 26 13 
43 52 26 66 62 55 52 28 17 13 
43 52 28 66 62 55 52 26 17 13 
43 52 52 66 62 55 28 26 17 13 
43 52 55 66 62 52 28 26 17 13 
43 52 62 66 55 52 28 26 17 13 
43 52 66 62 55 52 28 26 17 13 
43 55 66 62 52 52 28 26 17 13 
43 62 66 55 52 52 28 26 17 13 
43 66 62 55 52 52 28 26 17 13 
52 66 62 55 52 43 28 26 17 13 
55 66 62 52 52 43 28 26 17 13 
62 66 55 52 52 43 28 26 17 13 
66 62 55 52 52 43 28 26 17 13 
